name: platoon_env
channels:
  - conda-forge
  - defaults
dependencies:
  - blas=1.0=mkl
  - bottleneck=1.4.2=py313h2cb717b_0
  - brotli-python=1.0.9=py313h5da7b33_9
  - bzip2=1.0.8=h2bbff1b_6
  - ca-certificates=2024.12.31=haa95532_0
  - contourpy=1.3.1=py313h214f63a_0
  - cycler=0.11.0=pyhd3eb1b0_0
  - dtaidistance=2.3.12=py313h8e081ca_2
  - expat=2.6.4=h8ddb27b_0
  - fonttools=4.55.3=py313h827c3e9_0
  - freetype=2.12.1=ha860e81_0
  - icc_rt=2022.1.0=h6049295_2
  - icu=73.1=h6c2663c_0
  - intel-openmp=2023.1.0=h59b6b97_46320
  - jpeg=9e=h827c3e9_3
  - kiwisolver=1.4.8=py313h5da7b33_0
  - krb5=1.20.1=h5b6d351_0
  - lcms2=2.16=hb4a4139_0
  - lerc=4.0.0=h5da7b33_0
  - libclang=14.0.6=default_hb5a9fac_2
  - libclang13=14.0.6=default_h8e68704_2
  - libdeflate=1.22=h5bf469e_0
  - libffi=3.4.4=hd77b12b_1
  - libmpdec=4.0.0=h827c3e9_0
  - libpng=1.6.39=h8cc25b3_0
  - libpq=17.2=h70ee33d_0
  - libtiff=4.5.1=h44ae7cf_1
  - libwebp-base=1.3.2=h3d04722_1
  - lz4-c=1.9.4=h2bbff1b_1
  - matplotlib=3.10.0=py313haa95532_0
  - matplotlib-base=3.10.0=py313h7aa5d4e_0
  - mkl=2023.1.0=h6b88ed4_46358
  - mkl-service=2.4.0=py313h827c3e9_2
  - mkl_fft=1.3.11=py313h827c3e9_0
  - mkl_random=1.2.8=py313hce38976_0
  - numexpr=2.10.1=py313h4cd664f_0
  - numpy=2.2.1=py313he6dc315_0
  - numpy-base=2.2.1=py313h6011491_0
  - openjpeg=2.5.2=hae555c5_0
  - openssl=3.0.15=h827c3e9_0
  - packaging=24.2=py313haa95532_0
  - pandas=2.2.3=py313h5da7b33_0
  - patsy=0.5.6=py313haa95532_0
  - pillow=11.0.0=py313h096bfcc_1
  - pip=24.2=py313haa95532_0
  - ply=3.11=py313haa95532_1
  - pyparsing=3.2.0=py313haa95532_0
  - pyqt=5.15.10=py313h5da7b33_1
  - pyqt5-sip=12.13.0=py313h827c3e9_1
  - python=3.13.1=hadb2040_100_cp313
  - python-dateutil=2.9.0post0=py313haa95532_2
  - python-tzdata=2023.3=pyhd3eb1b0_0
  - python_abi=3.13=0_cp313
  - pytz=2024.1=py313haa95532_0
  - qt-main=5.15.2=h19c9488_11
  - scipy=1.14.1=py313hd4070db_0
  - seaborn=0.11.2=pyhd3eb1b0_0
  - setuptools=72.1.0=py313haa95532_0
  - sip=6.7.12=py313h5da7b33_1
  - six=1.16.0=pyhd3eb1b0_1
  - sqlite=3.45.3=h2bbff1b_0
  - statsmodels=0.14.4=py313h8e081ca_0
  - tbb=2021.8.0=h59b6b97_0
  - tk=8.6.14=h0416ee5_0
  - tornado=6.4.2=py313h827c3e9_0
  - tzdata=2024b=h04d1e81_0
  - ucrt=10.0.20348.0=haa95532_0
  - vc=14.40=haa95532_2
  - vc14_runtime=14.42.34433=he29a5d6_23
  - vs2015_runtime=14.42.34433=hdffcdeb_23
  - wheel=0.44.0=py313haa95532_0
  - xz=5.4.6=h8cc25b3_1
  - zlib=1.2.13=h8cc25b3_1
  - zstd=1.5.6=h8880b57_0
prefix: C:\Users\thibault.charlottin\AppData\Local\miniconda3\envs\platoon_env
